13
0 246 61 421 27 416 436 333 73 299 259 273 382
246 0 306 186 258 181 201 246 198 64 176 28 147
61 306 0 481 63 476 496 393 109 359 319 333 442
421 186 481 0 433 114 134 431 373 123 361 169 80
27 258 63 433 0 428 448 345 61 311 271 285 394
416 181 476 114 428 0 21 426 368 118 356 164 35
436 201 496 134 448 21 0 446 388 138 376 184 55
333 246 393 431 345 426 446 0 285 309 75 263 392
73 198 109 373 61 368 388 285 0 251 211 225 334
299 64 359 123 311 118 138 309 251 0 239 47 84
259 176 319 361 271 356 376 75 211 239 0 193 322
273 28 333 169 285 164 184 263 225 47 193 0 130
382 147 442 80 394 35 55 392 334 84 322 130 0
6
1 9
4 6
1 4
11 5
5 4
2 8
3
7
10
9
